130.8 167.4 105.5 45.3 25.6 NA NA 13.7 32.6 35.7 31.7 79.6
62.9 96.6 67.8 17.7 4.6 3.2 14.8 0.4 26.6 60 80.2 89.9
133.2 126.8 68.3 56.6 NA 0 NA NA NA NA NA NA
NA NA NA NA NA 18.3 6.8 12 32.5 47 98.7 48.9
127.8 43.8 82.8 32.6 10 44.8 NA NA NA NA 88.5 99.3
78.8 56.1 145.4 49.2 22.4 14.5 1.4 0 35.9 64.7 45.4 55.3
65.8 48.5 33.1 14.7 0.6 19.4 0.5 8.3 16.1 35.7 46 40.6
131.4 118.7 83.2 63.9 10.8 0.8 3.5 7.5 42.2 89.2 117.8 128.9
116.9 126.2 114 85.4 11.1 4.3 0 3 11.7 59.6 58.9 88.4
67.2 83.1 132.6 37.4 7.8 1.2 10.1 2.5 2.8 62.8 72.5 115.2
67.7 113.7 143.7 60.4 9.8 0 0 0.4 29.6 45.2 34.2 79.9
131.5 125.8 57.4 21.9 16.5 0.2 2.2 5.8 12.1 19.1 61.7 100.4
121.3 101.8 93.7 20.2 1 2.3 0 0 6.1 123.6 68.3 105.5
137.3 134.6 86.2 71.8 7.8 2.3 2 0 69.7 58.3 48.1 80.7
152 149 149 32.4 10.5 3.9 4.4 12.5 16.8 52.6 40.6 100.1
113.3 87.7 170.9 34 18.9 7.8 6.6 1.7 18.4 69.5 94.5 76.8
53.4 129.8 138 79.1 8.1 1.3 18.9 3.6 65.8 49.1 91.5 101.8
120.1 84.3 130.3 55.3 4.9 1.5 0.7 6 14.1 39.5 63.3 117.2
50.3 136.1 107.5 39.3 14.7 6.1 4.7 5.1 35.7 50.8 89.5 78.3
68.6 122.2 89.8 27.3 17.5 0 0.7 14.9 15.3 93.3 42.9 103.1
104.3 99.1 114.6 43.2 5.9 22 4 3.9 17 48.1 50.2 89.5
81.5 76.2 164.8 54.7 17.4 0 4.6 1.4 12.5 66.3 61.2 78.3
112.7 100.1 62.8 12.2 13.3 6.4 0.6 4.2 28 64 31.6 68.4
99.4 76.7 114.9 89.6 47.2 3.8 2.6 15.4 8.6 55.4 119.4 145.6
130.5 96.1 57.3 53.9 6.7 2.2 0.5 0 28.5 72.6 51.8 106.9
113.3 162.9 167.2 55.4 14.2 NA 2.9 1.8 16.4 65.8 77.8 140.7
91.6 117 62.4 88.2 25.4 3.2 0.4 4.4 45 52.5 82.4 131.8
160.8 155.5 103.2 30.2 17.2 4.1 2.5 22 6.4 84.1 95.6 111.2
110.2 108.3 150.5 53.2 24.7 4.8 12.7 0.9 41.1 28.6 76.8 122.7
200.5 138.2 107 65.5 18.4 7.5 7 4.5 48.2 32.1 129.9 110.6
65.8 128.6 74.8 42.7 14.1 1.8 5.9 2.4 44.7 60.5 47.3 134.7
120.3 138.3 114.9 57 26 0.4 1 16.7 30.8 43.6 123.4 84
727 255.3 233.1 64.8 26.9 0 0.5 4 0 1.8 180.7 209.7
158.1 128.6 70.3 NA 3.2 2.9 0.6 0 0.2 0.7 90.9 7.5
202.2 47.7 39.2 27.2 20.3 5.3 9.3 9.8 62.8 55.5 41 11.8
57.8 32.4 31.2 18.5 20.7 10.5 NA NA NA NA NA NA
NA NA NA NA 72.1 69.7 3 31.8 37.1 45.1 40.9 60.5
22.8 23 23 6.8 5.2 0.3 0.5 0.5 3.2 17.1 1.6 3.1
4.2 6.2 4.3 2.3 0.9 16 0.7 13.5 6.3 15.9 18.2 7.6
24.3 49.2 NA 81.2 17.1 0.6 0.5 2.1 10.9 70.9 181.3 90.6
96.2 66.4 46.4 35.6 12.8 3.8 1.6 2.5 10 39.7 68.7 53.7
59.5 66.4 39.6 91.7 4.6 3 1.5 1.6 23.1 60.4 26.2 26.5
69.6 76.6 27.6 36 NA 1.9 0 14 25.6 79.2 55.5 156.3
194.9 134.9 72 54.6 22.1 8.4 0.1 2.9 36.5 69.9 108.3 223
197.1 123.2 106.8 49.9 10.6 14 0 11.9 23.9 NA 90.9 136.8
129.1 171.4 94.7 123.6 29.6 11.3 9.3 1 66.6 56.6 89 113.9
211.5 168.8 116.2 31.2 11.5 0 8.7 8.4 25.4 59.4 37.7 119.8
158 119.1 213.5 38.7 15 0 7.2 0 16 51.8 72.1 86.3
29.5 73.5 71 36.1 1 1 10 0 26 100.1 87.7 111.3
124.7 76.4 175.2 78.1 15 0 0 16 19.1 8.9 61 130
100.9 155.3 147 24.8 8.1 6.4 12 6.8 27 66.9 83.8 143.3
82.6 75.6 105.7 23.1 5.7 0 0 15.7 12.5 85.8 62.5 121.6
135.1 85 127.5 39.3 0 2.3 1.5 1.3 21.1 58.5 105.4 90.1
87.4 91.6 136 48.9 12.9 0 7.5 0 18.2 53.2 57.7 100.5
118.3 86.4 64.9 26 6.8 11.8 8.1 2.7 38.9 82.3 36.7 96.8
113.8 98.9 104.3 84.1 16.6 4.9 0 9.3 32.3 70.3 95.9 172.9
155.5 133.9 84 55.6 2.2 0 0 2.8 8.7 61.9 57.2 130
196.6 205.3 161.2 45.4 12.8 0 4.1 0 49.4 74.2 54.9 135.3
88.6 132.2 75.7 135.7 19.9 28 0 3.8 28.4 51.6 67.1 186.1
156.7 110.9 87.3 52.4 52.9 8.7 0.9 30.6 17.8 76.6 67.1 179.7
157.7 139.5 131.5 67.4 17.8 3.8 5.8 4.4 61.4 43.1 74.8 106.7
166.3 148.7 104.8 70.8 21.3 17.1 4.2 4.8 27.3 NA NA NA
NA NA NA NA NA NA NA NA NA NA NA NA
NA NA 122.2 63.8 21.1 1.8 7.4 2.5 42.5 54.8 95.8 91.5
84.5 252.4 163.2 118.4 36.9 11.7 13.3 19.6 53.9 52.8 29.2 30.3
NA 66.6 48.7 19 7.2 13 11.9 3.9 11.1 62.2 36.6 61.2
79.7 100.1 106.3 38.3 22.6 2.4 4 16.5 16.7 51.9 40.9 60.1
49.2 69 121 66.5 52.2 33.2 14.8 26.9 45 289.1 98.3 73.4
120.4 54 79.3 35.5 41.9 49.8 36.8 46.1 108.9 138.7 135.3 144.3
96.7 92.6 NA 85 93.2 25.7 10.7 7.9 31.3 46.8 5.3 38.4
48.8 45.1 74.5 31.8 6.6 20 5.5 23 11.7 50.8 40.1 53.3
154 82.9 101.4 47 16.2 0 1.2 13.1 27.2 24.6 127.9 136.1
126.2 101.3 112.7 88.4 29.5 6.4 2.4 2.4 33.7 53.1 53.1 97.3
111.6 96.5 135.5 51.4 28.5 6.5 27.3 8 24.5 36.8 56.8 67.6
84.5 103.7 93 56.6 21.3 1.1 7.2 8.4 27.5 67.1 78.2 95.1
128.2 135.7 38.6 50.4 35.3 3.7 0 14.9 19.8 60.4 67.5 143.5
117 131.1 110.9 13.6 0 9.5 0 1.2 5.3 75 101.5 97.7
138 191.1 118.3 82.9 41.6 6.1 3.7 0.4 41.9 34.2 64.3 87.4
147.6 138 148.7 60.7 14.8 12 4.7 20.3 33.3 47.3 29.3 127
143.8 80.9 103.8 72.9 19.3 13.4 9.7 21.5 33.2 86.2 88.4 96.4
24.8 181.1 131.9 86.8 11.7 9.9 28.3 10.6 31.7 101.8 106.9 90.2
79 69.1 143.6 51.6 29.4 2.3 1.3 8.6 9.5 45.9 43.9 128.7
49.8 102.5 88.6 54.9 15 13.4 17.6 23 35.7 70.9 71.6 135.3
63.5 81.6 146 34.6 6.2 0 3.2 3 9.5 52.5 50 132.6
134 77.7 117.2 84.5 2.6 17.1 13.3 13.7 28.4 83.2 92.5 142.8
71.7 74.2 107.8 43.2 18.9 0 12 8.2 12.6 111.6 72.3 128.8
109.6 111.8 101.9 61.4 15.5 17.6 1.8 13 47.1 216.3 38.3 120
125.7 105.6 122.7 115.8 25.4 7.1 18.8 11.5 39.3 49 93.7 126.4
117 108.1 132.7 59.5 18.8 7.7 1.7 3.6 41.1 64.2 62.2 150.5
146.7 169 192.6 93.1 19.4 0.8 11.5 2.9 24 76.7 115.3 182.4
159.2 108.6 78.6 117.8 12.2 8.7 11.3 7.8 33.5 62.4 113.6 152.5
87.8 175 98.1 49.2 30.3 16.6 15.1 21.8 12 98 110.8 130.4
130.2 117.7 116.7 46.3 30.4 5.1 11.3 6 33.1 47.3 68.6 132.6
153.4 121.3 110.6 94.8 NA NA 8.6 NA NA NA NA NA
NA NA NA NA NA NA NA NA 20.4 NA 23.9 NA
183 NA 175.1 70.9 46.7 0.7 1.5 1.2 14 59 68.8 98.3
NA NA NA NA NA NA NA NA NA NA NA NA
NA NA NA NA NA NA NA NA NA NA NA NA
NA NA NA NA NA NA NA NA NA NA NA NA
NA NA NA NA NA NA NA NA NA NA NA NA
NA NA NA NA NA NA NA NA NA NA NA NA
NA NA NA NA NA NA NA NA NA NA NA NA
NA 88.8 50.2 16.8 3.4 11.5 2.9 17.6 15.7 33.4 67 36.6
112 106.4 109.1 88.5 23.4 1.8 3.4 13 14.5 19.6 63.2 66.2
100.4 76.8 62.8 36.8 16.6 6 0 5.7 5.3 44.8 63.9 94.8
77.6 78.7 108.2 19.8 7.4 1.5 6.4 8.7 17.8 86.7 76.8 120.1
113.7 90.5 107.2 71.4 3.8 1 0 3.3 39.1 40.7 50.3 96.4
120.9 146.3 60.9 30.3 3.3 2.1 2.4 20.2 32.4 46 74.2 155.8
182.3 181.9 56.3 71.1 7.6 7 0 7.6 27.7 94.4 89.9 88.1
83.6 159.8 81.5 31.6 6.2 20.4 11.1 3.6 60.5 67.4 102 86.6
103.6 138.2 89.3 39.6 15 1.8 7.3 21.4 5.5 60.1 43 82.2
108.9 117.5 178.6 31.5 9.9 0.8 8.4 4.1 40.2 78.3 71.3 120.7
67.2 112.3 127.4 36.5 12.1 1.5 24.3 21.9 62.2 84.8 149.1 124.2
95.5 121.2 166.9 64.3 30.9 0 0.5 21 25.4 25.7 83.8 166.4
71.3 136.4 78.3 29.5 13.3 11 9.9 11.7 35.4 37.7 95.9 126.9
50.8 120.8 87.5 26.8 5.2 12 2.6 0.4 13.1 129.8 60 134.7
178.3 91 91.7 28.5 1.4 6.4 5.1 12.1 41.4 57.6 73.2 143.1
104 75.5 150.7 37.2 13.7 0 6.3 13.6 20.8 56.9 59.8 74.5
116 94.5 46.3 24.7 11 11.1 0 6.2 45.7 117.4 48.9 97.5
94.7 102.8 120.9 84.2 NA 1.8 7.6 23.3 39.1 48.4 129.1 133.2
142.9 151 84.1 26.9 0.7 3.1 19.4 6.9 7 68.7 49.8 122.4
205.7 271 139.2 79.1 11.5 0 9.8 3.8 79.9 73.4 55.7 140.7
108.4 133.6 75.8 126.7 29.5 28 0 2 37.1 58 61.8 184.5
160 133.7 85.9 49.6 11.1 5 3.7 32 38.7 58.3 38 131
161 99.5 179.7 64.1 32.1 NA NA NA NA NA NA NA
NA NA NA NA NA NA NA NA NA NA NA NA
NA NA NA NA NA NA NA NA NA NA NA NA
NA NA NA NA NA NA NA NA NA NA NA NA
